1 195

2 230

3 167

4 186

5 144

6 92

7 129

8 185

9 287

10 254

11 132

12 16

13 52

14 17

15 285

16 40

17 61

18 10

19 192

20 219

21 85

22 34

23 94

24 3

25 185

26 200

27 145

28 211

29 62

30 4

31 22

32 90

33 235

34 22

35 109

36 212

37 114

38 239

39 230

40 102

41 27

42 63

43 250

44 79

45 212

46 70

47 252

48 273

49 212

50 145

51 27

52 297

53 13

54 121

55 2

56 198

57 154

58 279

59 110

60 49

61 283

62 132

63 140

64 219

65 287

66 82

67 264

68 102

69 154

70 195

71 38

72 15

73 91

74 288

75 94

76 5

77 191

78 179

79 111

80 105

81 158

82 270

83 103

84 171

85 92

86 237

87 202

88 247

89 217

90 13

91 296

92 202

93 277

94 269

95 254

96 265

97 185

98 220

99 201

100 40

101 248

102 72

103 55

104 41

105 193

106 282

107 178

108 86

109 294

110 122

111 191

112 285

113 94

114 127

115 289

116 19

117 66

118 192

119 99

120 283

121 38

122 229

123 19

124 17

125 199

126 274

127 115

128 217

129 28

130 149

131 91

132 109

133 221

134 278

135 282

136 116

137 94

138 161

139 35

140 90

141 117

142 226

143 208

144 211

145 186

146 199

147 230

148 252

149 92

150 31

151 70

152 131

153 93

154 221

155 280

156 125

157 29

158 228

159 44

160 57

161 79

162 135

163 0

164 133

165 114

166 282

167 249

168 42

169 145

170 117

171 132

172 95

173 176

174 41

175 7

176 64

177 73

178 70

179 17

180 166

181 233

182 219

183 130

184 27

185 142

186 243

187 153

188 171

189 172

190 197

191 62

192 251

193 165

194 62

195 218

196 112

197 45

198 168

199 154

200 23

201 286

202 119

203 118

204 163

205 293

206 257

207 60

208 67

209 29

210 210

211 66

212 95

213 130

214 29

215 123

216 105

217 272

218 109

219 110

220 146

221 139

222 172

223 230

224 5

225 67

226 149

227 249

228 244

229 151

230 237

231 268

232 270

233 189